100
3 8
5 6 9 4 8 2 1 7
3 1
2
3 10
2 4 8 16 32 64 100 100 100 100
3 10
1 4 4 4 4 4 4 4 4 4
100 1
100
3 5
11 20 60 22 100
2 10
100 100 100 100 100 100 100 100 100 100
3 5
100 100 100 100 100
3 4
1 6 12 49
2 6
9 64 19 16 81 80
1 10
100 100 100 100 100 100 100 100 100 100
1 10
1 1 1 1 1 1 1 1 1 1
13 1
13
5 4
62 1 2 19
18 7
88 2 10 40 5 6 8
16 9
2 24 17 23 60 90 20 1 65
1 1
1
24 2
21 15
16 9
3 15 8 2 11 25 45 91 1
1 2
2 21
1 6
83 24 24 2 7 18
11 9
5 78 27 33 96 5 36 62 14
8 3
34 4 35
19 9
8 13 26 80 41 81 47 2 32
6 8
21 12 59 19 14 86 17 2
21 7
48 25 79 3 24 54 84
1 5
26 14 69 28 23
22 5
4 1 31 86 44
3 6
58 64 77 70 64 1
2 2
12 68
1 6
12 93 10 93 38 1
6 3
41 67 5
23 7
1 3 52 7 1 34 64
12 8
85 58 42 8 79 78 67 32
13 8
8 7 4 93 1 2 41 52
18 9
57 38 78 94 65 30 22 3 54
15 2
35 70
7 5
69 8 13 1 87
1 8
10 72 1 58 16 33 34 6
5 1
40
18 9
99 27 63 11 52 45 44 12 11
1 5
37 48 1 43 16
3 2
60 1
16 3
10 82 62
4 2
54 95
1 9
9 48 1 1 65 69 58 94 1
16 9
29 8 18 52 58 62 71 25 3
4 4
1 48 6 14
3 9
97 84 24 1 2 27 10 67 6
6 3
37 5 11
1 2
11 92
2 5
23 10 2 89 42
2 3
7 22 2
6 9
14 62 77 16 51 4 44 71 1
1 5
11 49 89 1 4
5 1
84
17 6
88 9 54 30 23 30
5 7
72 15 19 1 63 1 17
1 1
49
3 2
17 1
1 8
53 29 91 1 33 39 22 3
4 1
1
16 2
1 15
1 9
19 32 27 23 16 69 40 10 2
4 2
10 9
3 2
8 6
4 6
4 25 7 13 87 73
17 9
32 2 11 6 28 68 45 73 41
2 1
89
6 6
95 59 13 13 69 24
1 3
6 7 2
4 3
1 48 80
1 5
85 54 78 11 22
22 7
1 4 2 3 10 27 38
2 4
31 45 83 2
6 2
18 20
6 3
2 17 8
8 8
53 5 30 28 73 31 11 34
17 5
1 82 76 1 3
19 6
91 87 2 67 26 12
23 8
21 19 47 90 4 62 12 96
18 5
29 46 3 3 3
19 1
75
21 6
65 4 27 1 7 5
1 5
1 96 4 55 4
11 7
37 59 71 47 1 80 1
8 5
71 84 1 45 2
2 6
35 56 9 8 6 98
3 9
11 4 14 1 33 1 31 4 44
13 4
28 89 6 74
13 6
32 3 98 32 31 3
3 7
49 1 44 29 24 67 35
12 3
1 30 1
23 5
66 22 33 86 25
14 7
40 6 63 96 68 72 22
7 4
91 3 14 42
2 7
1 1 1 1 1 1 73
8 4
95 94 59 3
5 3
3 3 70
3 4
7 73 71 35
