100
3 8
5 6 9 4 8 2 1 7
3 1
2
3 10
2 4 8 16 32 64 100 100 100 100
3 10
1 4 4 4 4 4 4 4 4 4
100 1
100
3 5
11 20 60 22 100
2 10
100 100 100 100 100 100 100 100 100 100
3 5
100 100 100 100 100
3 4
1 6 12 49
2 6
9 64 19 16 81 80
1 10
100 100 100 100 100 100 100 100 100 100
1 10
1 1 1 1 1 1 1 1 1 1
23 3
19 73 3
1 2
6 14
20 1
70
24 4
19 65 2 69
9 1
1
1 9
35 43 85 97 3 10 5 38 43
4 2
48 87
23 1
8
19 8
75 61 5 79 18 44 24 14
1 7
12 8 25 23 20 78 42
12 4
53 39 99 1
1 3
6 4 29
9 8
9 36 52 28 2 90 4 16
12 8
79 3 96 2 67 59 1 55
1 9
2 10 10 95 14 6 76 85 38
1 5
13 28 40 87 51
3 1
24
12 8
15 40 2 10 36 22 76 3
9 7
1 10 3 38 75 5 62
25 1
77
25 7
66 82 98 1 92 90 1
1 6
59 4 15 99 1 72
7 7
14 72 1 1 91 6 36
14 8
59 41 83 59 33 51 43 86
1 5
1 45 15 82 1
9 8
64 69 3 33 47 1 1 8
17 1
1
1 5
5 74 52 67 35
1 4
28 14 51 50
3 4
51 56 54 54
6 6
1 38 77 15 83 4
25 3
23 1 19
11 9
29 22 44 7 34 60 92 25 4
3 9
18 6 57 68 26 45 17 6 6
8 6
8 29 1 55 70 13
7 7
56 21 90 87 73 6 30
4 5
56 1 78 43 35
21 2
3 54
3 7
3 10 1 62 93 1 18
15 1
95
4 8
73 54 74 86 42 27 31 38
1 4
48 59 66 2
17 5
8 1 18 79 59
1 7
20 21 3 22 13 16 1
15 7
2 2 1 20 34 25 40
4 5
17 2 43 60 35
11 6
9 29 3 18 34 38
10 7
68 7 1 67 4 77 40
12 1
6
9 7
74 8 76 20 54 28 1
1 3
90 2 10
12 6
76 29 83 29 85 10
1 8
76 6 1 1 1 85 46 1
13 9
55 54 67 44 35 6 1 64 86
7 1
30
4 6
54 1 1 1 42 28
1 9
65 44 81 8 60 1 17 19 44
15 3
20 6 85
5 5
1 88 77 70 62
16 4
3 7 1 80
2 2
2 3
20 5
28 97 27 1 21
1 8
5 59 1 4 1 17 20 27
19 6
48 56 3 1 7 1
5 7
24 63 15 58 18 8 5
1 7
92 4 44 51 1 48 55
3 1
1
6 2
21 3
25 3
5 5 21
8 3
22 38 12
23 5
3 67 99 17 64
6 4
56 53 50 86
25 9
1 1 14 29 4 70 5 43 4
22 6
5 75 50 60 4 3
1 9
13 9 4 52 5 79 1 1 26
1 5
49 1 40 14 65
2 9
56 4 29 84 51 5 6 2 14
9 7
14 55 1 61 29 7 10
3 1
38
13 9
1 1 11 7 13 3 53 13 13
15 6
54 59 1 10 11 1
22 8
20 29 60 13 96 50 32 33
6 9
79 10 89 2 1 42 28 1 1
11 1
1
1 9
15 93 1 51 27 2 1 1 61
1 4
45 77 1 57
23 1
27
21 4
21 29 54 16
