100
3 8
5 6 9 4 8 2 1 7
3 1
2
3 10
2 4 8 16 32 64 100 100 100 100
3 10
1 4 4 4 4 4 4 4 4 4
100 1
100
3 5
11 20 60 22 100
2 10
100 100 100 100 100 100 100 100 100 100
3 5
100 100 100 100 100
3 4
1 6 12 49
2 6
9 64 19 16 81 80
1 10
100 100 100 100 100 100 100 100 100 100
1 10
1 1 1 1 1 1 1 1 1 1
22 5
2 53 46 24 35
19 3
55 77 1
8 3
88 14 44
2 1
68
1 6
15 83 16 24 20 64
25 4
1 76 9 41
8 7
94 2 1 79 15 90 10
3 9
27 26 46 60 50 91 60 39 5
1 9
1 22 1 50 89 89 44 1 1
1 9
1 2 87 11 14 26 89 14 1
11 7
97 32 63 86 37 7 88
3 9
17 12 18 1 41 4 31 81 4
8 5
11 7 36 23 89
1 5
17 4 34 2 83
21 9
4 29 9 75 16 15 20 3 3
16 4
91 92 28 89
1 9
17 85 34 10 27 42 59 5 73
14 7
4 38 8 46 62 12 1
1 7
61 28 38 70 23 9 22
22 1
15
10 8
84 1 50 15 10 1 33 9
15 2
21 34
1 7
10 9 29 89 6 90 1
4 1
33
14 4
2 2 1 1
7 7
17 88 35 96 32 36 4
1 7
51 6 71 12 47 2 9
1 8
8 26 19 1 11 1 99 20
2 9
1 13 89 34 15 3 62 62 80
10 5
52 26 67 10 47
3 6
96 89 7 7 77 80
2 2
1 33
1 8
39 1 7 18 29 75 9 12
7 9
12 54 1 8 12 86 28 44 36
3 4
1 1 40 92
9 1
29
15 9
1 15 10 46 36 39 18 69 32
8 4
4 11 11 71
10 6
74 11 80 49 41 65
20 1
77
4 6
23 41 4 5 1 1
7 3
4 7 84
3 6
2 3 40 81 60 45
1 7
69 19 62 4 99 95 55
5 3
13 1 34
5 6
58 12 22 74 8 79
5 2
5 1
6 9
29 4 81 99 81 89 26 43 17
17 5
44 19 68 32 14
1 1
7
3 1
67
22 3
5 1 66
13 1
67
3 7
24 6 70 43 15 22 19
9 6
2 1 9 46 22 31
1 8
39 55 81 1 49 15 63 65
1 4
59 5 50 26
22 7
61 1 2 70 9 56 87
13 4
24 83 54 62
10 4
1 51 5 15
1 3
5 1 10
14 8
5 1 1 1 37 7 4 45
1 4
15 15 19 1
4 3
31 55 12
20 8
60 13 68 11 84 97 6 65
2 9
43 82 7 47 74 90 38 70 60
21 3
97 28 19
4 5
16 22 11 76 52
7 6
8 96 86 30 25 93
21 6
44 78 26 5 9 2
3 5
99 6 25 29 32
6 6
32 48 36 94 1 86
24 1
83
2 9
1 4 13 1 1 44 18 4 43
25 7
24 28 51 92 88 11 47
3 4
11 49 23 34
7 9
66 3 89 36 83 28 32 41 45
20 8
20 39 59 40 64 75 8 14
3 8
77 62 4 84 1 24 1 79
4 9
64 78 39 67 82 96 39 1 61
18 6
33 9 1 17 3 74
9 5
27 71 44 26 95
3 1
14
2 1
5
22 5
1 65 74 49 23
6 1
10
6 3
56 29 81
3 1
9
