100
3 8
5 6 9 4 8 2 1 7
3 1
2
3 10
2 4 8 16 32 64 100 100 100 100
3 10
1 4 4 4 4 4 4 4 4 4
100 1
100
3 5
11 20 60 22 100
2 10
100 100 100 100 100 100 100 100 100 100
3 5
100 100 100 100 100
3 4
1 6 12 49
2 6
9 64 19 16 81 80
1 10
100 100 100 100 100 100 100 100 100 100
1 10
1 1 1 1 1 1 1 1 1 1
1 3
3 5 6
4 2
7 2
2 4
4 3 56 19
13 3
54 1 1
5 8
66 93 47 17 92 51 15 44
9 9
1 6 52 2 14 83 76 45 1
13 5
3 83 3 66 36
4 5
52 51 89 10 28
5 6
12 1 93 53 2 16
16 9
39 4 16 60 4 1 18 9 93
20 6
96 50 11 72 2 77
2 8
50 4 1 1 94 10 50 11
17 6
16 27 82 49 90 5
23 5
33 27 33 75 43
2 5
16 59 6 23 28
25 6
9 25 82 28 75 23
1 2
61 2
23 1
98
4 9
12 25 71 1 22 1 31 2 37
1 1
54
1 1
15
10 5
2 2 86 45 60
3 6
30 17 3 16 34 62
10 6
54 34 43 6 2 11
6 9
10 56 70 93 32 61 82 25 44
4 2
24 74
6 1
54
20 6
33 33 46 7 58 54
12 3
9 30 40
12 3
60 99 2
1 2
5 29
2 3
3 14 60
9 7
53 35 9 12 62 1 1
6 9
52 12 9 15 26 65 63 26 31
22 7
26 6 60 5 47 21 23
7 6
24 9 77 38 37 4
12 1
48
8 4
1 49 67 19
13 3
76 10 26
4 9
84 2 86 1 4 30 71 6 11
17 3
1 27 35
13 9
95 23 13 18 9 26 3 21 5
17 8
99 38 1 43 1 1 1 7
4 3
30 56 47
14 1
19
19 3
9 19 6
1 1
49
15 3
34 1 75
22 6
80 30 1 23 66 54
20 3
53 10 74
1 7
4 97 85 27 24 50 10
19 8
3 98 2 92 1 3 90 18
23 8
35 80 25 96 1 18 62 69
7 7
94 18 61 1 28 27 16
12 3
51 84 1
10 1
21
5 1
13
2 6
3 15 1 91 44 1
11 2
69 40
6 6
26 2 2 17 4 30
4 6
23 20 7 87 5 8
15 5
55 70 1 47 49
2 5
3 4 5 44 11
1 7
84 33 41 43 52 60 16
19 1
57
16 1
13
10 3
78 1 2
12 2
27 7
2 3
68 7 6
5 5
1 13 35 41 59
18 6
9 67 41 20 1 7
4 2
72 13
13 1
3
9 5
47 3 29 43 9
24 1
42
2 7
33 95 79 17 30 95 2
4 8
15 19 4 5 1 70 4 29
1 1
76
1 1
17
15 5
70 33 90 34 94
7 1
3
14 9
16 1 22 51 93 57 4 1 15
12 4
92 1 2 73
19 1
12
6 9
26 63 35 18 16 91 31 16 56
7 6
80 7 2 96 34 2
19 7
75 4 1 5 64 18 4
15 9
56 12 4 42 1 2 6 9 8
