100
3 8
5 6 9 4 8 2 1 7
3 1
2
3 10
2 4 8 16 32 64 100 100 100 100
3 10
1 4 4 4 4 4 4 4 4 4
100 1
100
3 5
11 20 60 22 100
2 10
100 100 100 100 100 100 100 100 100 100
3 5
100 100 100 100 100
3 4
1 6 12 49
2 6
9 64 19 16 81 80
1 10
100 100 100 100 100 100 100 100 100 100
1 10
1 1 1 1 1 1 1 1 1 1
23 9
6 12 30 11 25 97 31 10 11
4 7
5 8 31 6 50 3 8
1 6
43 10 1 1 38 42
1 9
7 21 18 94 24 61 8 1 84
1 7
8 27 89 97 31 27 66
16 1
85
7 2
36 50
13 8
11 61 88 1 25 36 18 61
18 4
10 4 22 60
3 3
6 57 22
9 3
8 38 24
1 5
49 4 19 1 79
25 1
67
13 2
1 1
1 9
97 68 21 26 4 69 1 15 46
6 8
2 49 44 26 59 9 25 22
12 6
1 70 11 14 47 23
1 7
1 83 7 9 25 32 12
1 5
70 1 1 6 5
6 8
83 2 26 21 17 75 15 3
12 8
95 36 59 23 1 5 23 15
5 9
70 2 37 44 24 5 9 5 13
2 1
1
13 8
57 60 8 4 1 56 40 88
10 7
12 13 40 6 2 37 3
7 7
49 86 2 11 46 7 19
4 4
48 11 12 67
15 3
38 13 71
15 1
67
1 7
70 46 14 55 52 55 58
14 1
33
16 7
44 85 1 8 1 20 3
17 8
1 38 1 11 94 68 35 57
1 2
18 89
8 3
43 24 86
11 1
1
18 7
32 97 76 3 34 67 15
2 9
2 19 43 1 80 65 20 76 13
6 5
8 60 42 5 39
3 9
25 87 1 48 2 32 21 52 20
17 4
80 8 5 95
15 4
4 2 64 69
21 4
75 64 2 37
4 7
7 54 23 8 64 4 94
11 6
1 22 5 19 18 90
24 2
82 71
14 1
38
17 4
30 76 81 6
21 6
18 24 53 39 31 58
3 6
2 95 83 94 58 76
18 1
16
7 9
96 99 13 6 3 13 37 11 52
13 9
39 1 37 4 1 48 27 9 88
14 3
10 69 4
2 9
66 4 43 32 1 63 3 15 10
9 6
75 1 20 39 17 36
1 8
1 68 70 77 95 82 36 24
1 7
23 56 98 83 95 72 25
7 7
59 8 11 82 38 4 74
20 8
28 67 24 9 74 43 3 4
16 7
65 17 3 14 68 99 85
7 3
46 89 13
3 4
1 5 60 31
4 2
2 42
2 9
15 10 20 7 99 8 59 1 5
25 9
64 26 3 16 42 78 47 32 43
4 7
96 69 54 7 14 74 16
4 8
19 1 88 1 76 26 1 1
4 3
53 23 60
3 9
2 10 9 27 19 17 29 73 39
25 5
1 62 34 4 1
1 4
62 53 1 88
1 4
26 1 1 2
4 6
1 10 9 62 9 41
7 1
1
8 7
9 82 48 95 26 69 37
7 4
45 3 25 30
4 9
1 47 27 67 14 86 29 59 18
22 8
48 34 43 1 81 4 96 12
8 7
75 18 2 35 16 20 3
5 4
6 10 96 5
15 9
1 8 28 19 5 32 60 6 39
2 5
73 7 84 4 20
4 9
6 1 66 24 92 68 1 2 53
17 7
70 1 19 18 27 12 98
1 6
33 1 3 49 80 55
1 7
54 57 4 1 13 3 1
1 2
7 3
